0
-27627
-110162
-237479
-356340
-379593
-234732
92607
526056
906503
1028702
730674
-13439
-1019967
-1913187
-2246054
-1682434
-187020
1851944
3683262
4424950
3433723
665604
-3133895
-6567883
-8034348
-6390703
-1579166
5076987
11128460
13810161
11190866
3191054
-7956765
-18167022
-22858786
-18807084
-5829187
12479936
29456764
37526385
31181339
9770382
-21106741
-50440021
-64953815
-53762534
-12982543
51414451
123916917
183281656
208978026
188288235
121608129
23866633
-78887533
-156984221
-186545699
-157680033
-78565149
26283539
123321963
180694184
178890254
117640859
16544574
-91037834
-168949915
-190476792
-147639472
-54267411
58351428
151941238
194282264
170390509
87902401
-25289891
-130454422
-191303982
-186582486
-117535894
-7656312
105304338
182325920
196642390
143072224
39920915
-77276087
-168015265
-200841919
-164274456
-70839641
47222809
149091538
199499579
180949444
99792059
-15951219
-126261056
-192969597
-192969597
-126233429
-15841057
100029538
181305784
199879172
149326270
47130202
-71365697
-165180959
-201870621
-168745939
-77262648
40940882
144985411
198888444
184008354
105491358
-9508256
-121219156
-191007436
-194737705
-131120026
-22155996
94470284
178424857
200672967
153520404
53274441
-65395871
-161449633
-201667658
-172140969
-83081069
34711596
140499645
197697338
186523371
110842027
-3173225
-116091534
-188861372
-196316081
-135877480
-28447512
88820448
175370663
201270778
157563575
59364739
-59364739
-157563575
-201270778
-175370663
-88820448
28447512
135877480
196316081
188861372
116091534
3173225
-110842027
-186523371
-197697338
-140499645
-34711596
83081069
172140969
201667658
161449633
65395871
-53274441
-153520404
-200672967
-178424857
-94470284
22155996
131120026
194737705
191007436
121219156
9508256
-105491358
-184008354
-198888444
-144985411
-40940882
77262648
168745939
201870621
165180959
71365697
-47130202
-149326270
-199879172
-181305784
-100029538
15841057
126233429
192969597
192969597
126233429
15841057
-100029538
-181305784
-199879172
-149326270
-47130202
71365697
165180959
201870621
168745939
77262648
-40940882
-144985411
-198888444
-184008354
-105491358
9508256
121219156
191007436
194737705
131120026
22155996
-94470284
-178424857
-200672967
-153520404
-53274441
65395871
161449633
201667658
172140969
83081069
-34711596
-140499645
-197697338
-186523371
-110842027
3173225
116091534
188861372
196316081
135877480
28447512
-88820448
-175370663
-201270778
-157563575
-59364739
59364739
157563575
201270778
175370663
88820448
-28447512
-135877480
-196316081
-188861372
-116091534
-3173225
110842027
186523371
197697338
140499645
34711596
-83081069
-172140969
-201667658
-161449633
-65395871
53274441
153520404
200672967
178424857
94470284
-22155996
-131120026
-194737705
-191007436
-121219156
-9508256
105491358
184008354
198888444
144985411
40940882
-77262648
-168745939
-201870621
-165180959
-71365697
47130202
149326270
199879172
181305784
100029538
-15841057
-126233429
-192969597
-192969597
-126233429
-15841057
100029538
181305784
199879172
149326270
47130202
-71365697
-165180959
-201870621
-168745939
-77262648
40940882
144985411
198888444
184008354
105491358
-9508256
-121219156
-191007436
-194737705
-131120026
-22155996
94470284
178424857
200672967
153520404
53274441
-65395871
-161449633
-201667658
-172140969
-83081069
34711596
140499645
197697338
186523371
110842027
-3173225
-116091534
-188861372
-196316081
-135877480
-28447512
88820448
175370663
201270778
157563575
59364739
-59364739
-157563575
-201270778
-175370663
-88820448
28447512
135877480
196316081
188861372
116091534
3173225
-110842027
-186523371
-197697338
-140499645
-34711596
83081069
172140969
201667658
161449633
65395871
-53274441
-153520404
-200672967
-178424857
-94470284
22155996
131120026
194737705
191007436
121219156
9508256
-105491358
-184008354
-198888444
-144985411
-40940882
77262648
168745939
201870621
165180959
71365697
-47130202
-149326270
-199879172
-181305784
-100029538
15841057
126233429
192969597
192969597
126233429
15841057
-100029538
-181305784
-199879172
-149326270
-47130202
71365697
165180959
201870621
168745939
77262648
-40940882
-144985411
-198888444
-184008354
-105491358
9508256
121219156
191007436
194737705
131120026
22155996
-94470284
-178424857
-200672967
-153520404
-53274441
65395871
161449633
201667658
172140969
83081069
-34711596
-140499645
-197697338
-186523371
-110842027
3173225
116091534
188861372
196316081
135877480
28447512
-88820448
-175370663
-201270778
-157563575
-59364739
59364739
157563575
201270778
175370663
88820448
-28447512
-135877480
-196316081
-188861372
-116091534
-3173225
110842027
186523371
197697338
140499645
34711596
-83081069
-172140969
-201667658
-161449633
-65395871
53274441
153520404
200672967
178424857
94470284
-22155996
-131120026
-194737705
-191007436
-121219156
-9508256
105491358
184008354
198888444
144985411
40940882
-77262648
-168745939
-201870621
-165180959
-71365697
47130202
149326270
199879172
181305784
100029538
-15841057
-126233429
-192969597
-192969597
-126233429
-15841057
100029538
181305784
199879172
149326270
47130202
-71365697
-165180959
-201870621
-168745939
-77262648
40940882
144985411
198888444
184008354
105491358
-9508256
-121219156
-191007436
-194737705
-131120026
-22155996
94470284
178424857
200672967
153520404
53274441
-65395871
-161449633
-201667658
-172140969
-83081069
34711596
140499645
197697338
186523371
110842027
-3173225
-116091534
-188861372
-196316081
-135877480
-28447512
88820448
175370663
201270778
157563575
59364739
-59364739
-157563575
-201270778
-175370663
-88820448
28447512
135877480
196316081
188861372
116091534
3173225
-110842027
-186523371
-197697338
-140499645
-34711596
83081069
172140969
201667658
161449633
65395871
-53274441
-153520404
-200672967
-178424857
-94470284
22155996
131120026
194737705
191007436
121219156
9508256
-105491358
-184008354
-198888444
-144985411
-40940882
77262648
168745939
201870621
165180959
71365697
-47130202
-149326270
-199879172
-181305784
-100029538
15841057
126233429
192969597
192969597
126233429
15841057
-100029538
-181305784
-199879172
-149326270
-47130202
71365697
165180959
201870621
168745939
77262648
-40940882
-144985411
-198888444
-184008354
-105491358
9508256
121219156
191007436
194737705
131120026
22155996
-94470284
-178424857
-200672967
-153520404
-53274441
65395871
161449633
201667658
172140969
83081069
-34711596
-140499645
-197697338
-186523371
-110842027
3173225
116091534
188861372
196316081
135877480
28447512
-88820448
-175370663
-201270778
-157563575
-59364739
59364739
157563575
201270778
175370663
88820448
-28447512
-135877480
-196316081
-188861372
-116091534
-3173225
110842027
186523371
197697338
140499645
34711596
-83081069
-172140969
-201667658
-161449633
-65395871
53274441
153520404
200672967
178424857
94470284
-22155996
-131120026
-194737705
-191007436
-121219156
-9508256
105491358
184008354
198888444
144985411
40940882
-77262648
-168745939
-201870621
-165180959
-71365697
47130202
149326270
199879172
181305784
100029538
-15841057
-126233429
-192969597
-192969597
-126233429
-15841057
100029538
181305784
199879172
149326270
47130202
-71365697
-165180959
-201870621
-168745939
-77262648
40940882
144985411
198888444
184008354
105491358
-9508256
-121219156
-191007436
-194737705
-131120026
-22155996
94470284
178424857
200672967
153520404
53274441
-65395871
-161449633
-201667658
-172140969
-83081069
34711596
140499645
197697338
186523371
110842027
-3173225
-116091534
-188861372
-196316081
-135877480
-28447512
88820448
175370663
201270778
157563575
59364739
-59364739
-157563575
-201270778
-175370663
-88820448
28447512
135877480
196316081
188861372
116091534
3173225
-110842027
-186523371
-197697338
-140499645
-34711596
83081069
172140969
201667658
161449633
65395871
-53274441
-153520404
-200672967
-178424857
-94470284
22155996
131120026
194737705
191007436
121219156
9508256
-105491358
-184008354
-198888444
-144985411
-40940882
77262648
168745939
201870621
165180959
71365697
-47130202
-149326270
-199879172
-181305784
-100029538
15841057
126233429
192969597
192969597
126233429
15841057
-100029538
-181305784
-199879172
-149326270
-47130202
71365697
165180959
201870621
168745939
77262648
-40940882
-144985411
-198888444
-184008354
-105491358
9508256
121219156
191007436
194737705
131120026
22155996
-94470284
-178424857
-200672967
-153520404
-53274441
65395871
161449633
201667658
172140969
83081069
-34711596
-140499645
-197697338
-186523371
-110842027
3173225
116091534
188861372
196316081
135877480
28447512
-88820448
-175370663
-201270778
-157563575
-59364739
59364739
157563575
201270778
175370663
88820448
-28447512
-135877480
-196316081
-188861372
-116091534
-3173225
110842027
186523371
197697338
140499645
34711596
-83081069
-172140969
-201667658
-161449633
-65395871
53274441
153520404
200672967
178424857
94470284
-22155996
-131120026
-194737705
-191007436
-121219156
-9508256
105491358
184008354
198888444
144985411
40940882
-77262648
-168745939
-201870621
-165180959
-71365697
47130202
149326270
199879172
181305784
100029538
-15841057
-126233429
-192969597
-192969597
-126233429
-15841057
100029538
181305784
199879172
149326270
47130202
-71365697
-165180959
-201870621
-168745939
-77262648
40940882
144985411
198888444
184008354
105491358
-9508256
-121219156
-191007436
-194737705
-131120026
-22155996
94470284
178424857
200672967
153520404
53274441
-65395871
-161449633
-201667658
-172140969
-83081069
34711596
140499645
197697338
186523371
110842027
-3173225
-116091534
-188861372
-196316081
-135877480
-28447512
88820448
175370663
201270778
157563575
59364739
-59364739
-157563575
-201270778
-175370663
-88820448
28447512
135877480
196316081
188861372
116091534
3173225
-110842027
-186523371
-197697338
-140499645
-34711596
83081069
172140969
201667658
161449633
65395871
-53274441
-153520404
-200672967
-178424857
-94470284
22155996
131120026
194737705
191007436
121219156
9508256
-105491358
-184008354
-198888444
-144985411
-40940882
77262648
168745939
201870621
165180959
71365697
-47130202
-149326270
-199879172
-181305784
-100029538
15841057
126233429
192969597
