0
-31332
-121390
-249725
-346990
-316325
-98701
279104
685463
923424
800220
236631
-654882
-1548686
-2003215
-1653199
-408639
1420333
3140475
3910069
3093914
627974
-2794580
-5843088
-7024371
-5326288
-807607
5167879
10243990
11923825
8674002
847753
-9080344
-17159280
-19419941
-13634172
-640302
15394119
28122736
31327475
21605375
337760
-25941163
-47216995
-53348703
-37971143
-1489604
48145399
97374439
131268303
138615136
116042897
69567030
12852999
-37290821
-66643453
-68385596
-45268677
-8278886
27653285
49262966
49712804
30728532
1399587
-25825634
-40247552
-37063884
-18926274
5579592
25811918
33602036
26512765
8560185
-11848938
-25733840
-27431923
-16884419
597726
16896749
24772125
21047985
7872314
-8425597
-20313243
-22480810
-14194677
491203
14679531
21826699
18735711
6971334
-7931183
-19048410
-21267302
-13611075
333332
14092878
21300241
18637126
7346833
-7346833
-18668458
-21421631
-14342603
-680322
13294750
21168601
19327514
8616646
-6047910
-17935491
-21590068
-15334413
-2039889
12191462
20827611
19904604
9845930
-4731839
-17137916
-21678211
-16268775
-3392306
11041331
20407552
20407552
11041331
-3392306
-16268775
-21678211
-17137916
-4731839
9845930
19904604
20827611
12191462
-2039889
-15334413
-21590068
-17935491
-6047910
8616646
19327514
21168601
13294750
-680322
-14342603
-21421631
-18668458
-7346833
7346833
18668458
21421631
14342603
680322
-13294750
-21168601
-19327514
-8616646
6047910
17935491
21590068
15334413
2039889
-12191462
-20827611
-19904604
-9845930
4731839
17137916
21678211
16268775
3392306
-11041331
-20407552
-20407552
-11041331
3392306
16268775
21678211
17137916
4731839
-9845930
-19904604
-20827611
-12191462
2039889
15334413
21590068
17935491
6047910
-8616646
-19327514
-21168601
-13294750
680322
14342603
21421631
18668458
7346833
-7346833
-18668458
-21421631
-14342603
-680322
13294750
21168601
19327514
8616646
-6047910
-17935491
-21590068
-15334413
-2039889
12191462
20827611
19904604
9845930
-4731839
-17137916
-21678211
-16268775
-3392306
11041331
20407552
20407552
11041331
-3392306
-16268775
-21678211
-17137916
-4731839
9845930
19904604
20827611
12191462
-2039889
-15334413
-21590068
-17935491
-6047910
8616646
19327514
21168601
13294750
-680322
-14342603
-21421631
-18668458
-7346833
7346833
18668458
21421631
14342603
680322
-13294750
-21168601
-19327514
-8616646
6047910
17935491
21590068
15334413
2039889
-12191462
-20827611
-19904604
-9845930
4731839
17137916
21678211
16268775
3392306
-11041331
-20407552
-20407552
-11041331
3392306
16268775
21678211
17137916
4731839
-9845930
-19904604
-20827611
-12191462
2039889
15334413
21590068
17935491
6047910
-8616646
-19327514
-21168601
-13294750
680322
14342603
21421631
18668458
7346833
-7346833
-18668458
-21421631
-14342603
-680322
13294750
21168601
19327514
8616646
-6047910
-17935491
-21590068
-15334413
-2039889
12191462
20827611
19904604
9845930
-4731839
-17137916
-21678211
-16268775
-3392306
11041331
20407552
20407552
11041331
-3392306
-16268775
-21678211
-17137916
-4731839
9845930
19904604
20827611
12191462
-2039889
-15334413
-21590068
-17935491
-6047910
8616646
19327514
21168601
13294750
-680322
-14342603
-21421631
-18668458
-7346833
7346833
18668458
21421631
14342603
680322
-13294750
-21168601
-19327514
-8616646
6047910
17935491
21590068
15334413
2039889
-12191462
-20827611
-19904604
-9845930
4731839
17137916
21678211
16268775
3392306
-11041331
-20407552
-20407552
-11041331
3392306
16268775
21678211
17137916
4731839
-9845930
-19904604
-20827611
-12191462
2039889
15334413
21590068
17935491
6047910
-8616646
-19327514
-21168601
-13294750
680322
14342603
21421631
18668458
7346833
-7346833
-18668458
-21421631
-14342603
-680322
13294750
21168601
19327514
8616646
-6047910
-17935491
-21590068
-15334413
-2039889
12191462
20827611
19904604
9845930
-4731839
-17137916
-21678211
-16268775
-3392306
11041331
20407552
20407552
11041331
-3392306
-16268775
-21678211
-17137916
-4731839
9845930
19904604
20827611
12191462
-2039889
-15334413
-21590068
-17935491
-6047910
8616646
19327514
21168601
13294750
-680322
-14342603
-21421631
-18668458
-7346833
7346833
18668458
21421631
14342603
680322
-13294750
-21168601
-19327514
-8616646
6047910
17935491
21590068
15334413
2039889
-12191462
-20827611
-19904604
-9845930
4731839
17137916
21678211
16268775
3392306
-11041331
-20407552
-20407552
-11041331
3392306
16268775
21678211
17137916
4731839
-9845930
-19904604
-20827611
-12191462
2039889
15334413
21590068
17935491
6047910
-8616646
-19327514
-21168601
-13294750
680322
14342603
21421631
18668458
7346833
-7346833
-18668458
-21421631
-14342603
-680322
13294750
21168601
19327514
8616646
-6047910
-17935491
-21590068
-15334413
-2039889
12191462
20827611
19904604
9845930
-4731839
-17137916
-21678211
-16268775
-3392306
11041331
20407552
20407552
11041331
-3392306
-16268775
-21678211
-17137916
-4731839
9845930
19904604
20827611
12191462
-2039889
-15334413
-21590068
-17935491
-6047910
8616646
19327514
21168601
13294750
-680322
-14342603
-21421631
-18668458
-7346833
7346833
18668458
21421631
14342603
680322
-13294750
-21168601
-19327514
-8616646
6047910
17935491
21590068
15334413
2039889
-12191462
-20827611
-19904604
-9845930
4731839
17137916
21678211
16268775
3392306
-11041331
-20407552
-20407552
-11041331
3392306
16268775
21678211
17137916
4731839
-9845930
-19904604
-20827611
-12191462
2039889
15334413
21590068
17935491
6047910
-8616646
-19327514
-21168601
-13294750
680322
14342603
21421631
18668458
7346833
-7346833
-18668458
-21421631
-14342603
-680322
13294750
21168601
19327514
8616646
-6047910
-17935491
-21590068
-15334413
-2039889
12191462
20827611
19904604
9845930
-4731839
-17137916
-21678211
-16268775
-3392306
11041331
20407552
20407552
11041331
-3392306
-16268775
-21678211
-17137916
-4731839
9845930
19904604
20827611
12191462
-2039889
-15334413
-21590068
-17935491
-6047910
8616646
19327514
21168601
13294750
-680322
-14342603
-21421631
-18668458
-7346833
7346833
18668458
21421631
14342603
680322
-13294750
-21168601
-19327514
-8616646
6047910
17935491
21590068
15334413
2039889
-12191462
-20827611
-19904604
-9845930
4731839
17137916
21678211
16268775
3392306
-11041331
-20407552
-20407552
-11041331
3392306
16268775
21678211
17137916
4731839
-9845930
-19904604
-20827611
-12191462
2039889
15334413
21590068
17935491
6047910
-8616646
-19327514
-21168601
-13294750
680322
14342603
21421631
18668458
7346833
-7346833
-18668458
-21421631
-14342603
-680322
13294750
21168601
19327514
8616646
-6047910
-17935491
-21590068
-15334413
-2039889
12191462
20827611
19904604
9845930
-4731839
-17137916
-21678211
-16268775
-3392306
11041331
20407552
20407552
11041331
-3392306
-16268775
-21678211
-17137916
-4731839
9845930
19904604
20827611
12191462
-2039889
-15334413
-21590068
-17935491
-6047910
8616646
19327514
21168601
13294750
-680322
-14342603
-21421631
-18668458
-7346833
7346833
18668458
21421631
14342603
680322
-13294750
-21168601
-19327514
-8616646
6047910
17935491
21590068
15334413
2039889
-12191462
-20827611
-19904604
-9845930
4731839
17137916
21678211
16268775
3392306
-11041331
-20407552
-20407552
-11041331
3392306
16268775
21678211
17137916
4731839
-9845930
-19904604
-20827611
-12191462
2039889
15334413
21590068
17935491
6047910
-8616646
-19327514
-21168601
-13294750
680322
14342603
21421631
18668458
7346833
-7346833
-18668458
-21421631
-14342603
-680322
13294750
21168601
19327514
8616646
-6047910
-17935491
-21590068
-15334413
-2039889
12191462
20827611
19904604
9845930
-4731839
-17137916
-21678211
-16268775
-3392306
11041331
20407552
20407552
11041331
-3392306
-16268775
-21678211
-17137916
-4731839
9845930
19904604
20827611
12191462
-2039889
-15334413
-21590068
-17935491
-6047910
8616646
19327514
21168601
13294750
-680322
-14342603
-21421631
-18668458
-7346833
7346833
18668458
21421631
14342603
680322
-13294750
-21168601
-19327514
-8616646
6047910
17935491
21590068
15334413
2039889
-12191462
-20827611
-19904604
-9845930
4731839
17137916
21678211
16268775
3392306
-11041331
-20407552
-20407552
-11041331
3392306
16268775
21678211
17137916
4731839
-9845930
-19904604
-20827611
-12191462
2039889
15334413
21590068
17935491
6047910
-8616646
-19327514
-21168601
-13294750
680322
14342603
21421631
18668458
7346833
-7346833
-18668458
-21421631
-14342603
-680322
13294750
21168601
19327514
8616646
-6047910
-17935491
-21590068
-15334413
-2039889
12191462
20827611
19904604
9845930
-4731839
-17137916
-21678211
-16268775
-3392306
11041331
20407552
20407552
11041331
-3392306
-16268775
-21678211
-17137916
-4731839
9845930
19904604
20827611
12191462
-2039889
-15334413
-21590068
-17935491
-6047910
8616646
19327514
21168601
13294750
-680322
-14342603
-21421631
-18668458
-7346833
7346833
18668458
21421631
14342603
680322
-13294750
-21168601
-19327514
-8616646
6047910
17935491
21590068
15334413
2039889
-12191462
-20827611
-19904604
-9845930
4731839
17137916
21678211
16268775
3392306
-11041331
-20407552
-20407552
-11041331
3392306
16268775
21678211
17137916
4731839
-9845930
-19904604
-20827611
-12191462
2039889
15334413
21590068
17935491
6047910
-8616646
-19327514
-21168601
-13294750
680322
14342603
21421631
18668458
7346833
